96
0 0 10 1 60 34200
0 1 60 0 10 34200
0 0 10 1 60 43200
0 1 60 0 10 43200
0 0 10 1 60 48600
0 1 60 0 10 48600
0 0 10 1 60 61200
0 1 60 0 10 61200
0 0 10 1 60 77400
0 1 60 0 10 77400
1 0 10 1 60 28800
1 1 60 0 10 28800
1 0 10 1 60 30000
1 1 60 0 10 30000
1 0 10 1 60 31200
1 1 60 0 10 31200
1 0 10 1 60 32400
1 1 60 0 10 32400
1 0 10 1 60 33600
1 1 60 0 10 33600
1 0 10 1 60 34800
1 1 60 0 10 34800
1 0 10 1 60 36000
1 1 60 0 10 36000
1 0 10 1 60 37200
1 1 60 0 10 37200
1 0 10 1 60 38400
1 1 60 0 10 38400
1 0 10 1 60 39600
1 1 60 0 10 39600
1 0 10 1 60 40800
1 1 60 0 10 40800
1 0 10 1 60 42000
1 1 60 0 10 42000
1 0 10 1 60 43200
1 1 60 0 10 43200
1 0 10 1 60 44400
1 1 60 0 10 44400
1 0 10 1 60 45600
1 1 60 0 10 45600
1 0 10 1 60 46800
1 1 60 0 10 46800
1 0 10 1 60 48000
1 1 60 0 10 48000
1 0 10 1 60 49200
1 1 60 0 10 49200
1 0 10 1 60 50400
1 1 60 0 10 50400
1 0 10 1 60 51600
1 1 60 0 10 51600
1 0 10 1 60 52800
1 1 60 0 10 52800
1 0 10 1 60 54000
1 1 60 0 10 54000
1 0 10 1 60 55200
1 1 60 0 10 55200
1 0 10 1 60 56400
1 1 60 0 10 56400
1 0 10 1 60 57600
1 1 60 0 10 57600
1 0 10 1 60 58800
1 1 60 0 10 58800
1 0 10 1 60 60000
1 1 60 0 10 60000
1 0 10 1 60 61200
1 1 60 0 10 61200
1 0 10 1 60 62400
1 1 60 0 10 62400
1 0 10 1 60 63600
1 1 60 0 10 63600
1 0 10 1 60 64800
1 1 60 0 10 64800
1 0 10 1 60 66000
1 1 60 0 10 66000
1 0 10 1 60 67200
1 1 60 0 10 67200
1 0 10 1 60 68400
1 1 60 0 10 68400
1 0 10 1 60 69600
1 1 60 0 10 69600
1 0 10 1 60 70800
1 1 60 0 10 70800
1 0 10 1 60 72000
1 1 60 0 10 72000
1 0 10 1 60 73200
1 1 60 0 10 73200
1 0 10 1 60 74400
1 1 60 0 10 74400
1 0 10 1 60 75600
1 1 60 0 10 75600
1 0 10 1 60 76800
1 1 60 0 10 76800
1 0 10 1 60 78000
1 1 60 0 10 78000
1 0 10 1 60 79200
1 1 60 0 10 79200