133 201
1 0 0 800.00 960.00 家
1 0 1 1200.00 650.00 数据结构课
1 0 2 1200.00 960.00 计组课
2 0 3 800.00 390.00 我们的食堂
1 0 4 1300.00 550.00 学习的地方
1 0 5 1600.00 1090.00 实验楼西南
1 0 6 100.00 180.00 左上角
2 0 7 1100.00 180.00 医务室
1 0 8 1940.00 180.00 右上角
2 0 9 100.00 550.00 快递站
1 0 10 100.00 600.00 基建处
1 0 11 550.00 300.00 运动场北门
1 0 12 550.00 510.00 运动场南门
1 0 13 550.00 250.00 雁北E
1 0 14 600.00 510.00 雁北A、B
1 0 15 100.00 650.00 西门
1 0 16 100.00 1330.00 左下角
1 0 17 550.00 650.00 甲子钟
1 0 18 550.00 390.00 国脉西x雁北中
1 0 19 720.00 210.00 雁北E、D2
2 0 20 800.00 225.00 教师食堂
2 0 21 800.00 390.00 学生食堂
1 0 22 800.00 650.00 宿舍路口
1 0 23 1200.00 650.00 教学楼北
1 0 24 1600.00 650.00 鸿雁x教学楼后
1 0 25 1940.00 650.00 鸿雁东
1 0 26 1200.00 225.00 周恩来碑
1 0 27 1200.00 390.00 学活东北
1 0 28 990.00 390.00 二维码广场
2 0 29 990.00 225.00 医务室南
1 0 30 990.00 650.00 超市路南
2 0 31 990.00 460.00 超市
1 0 32 1600.00 390.00 图书馆东
1 0 33 1600.00 1330.00 南门
1 0 34 1940.00 1330.00 右下角
1 0 35 1400.00 390.00 图书馆中
1 0 36 1600.00 760.00 S1
1 0 37 1600.00 960.00 S2S3
1 0 38 1200.00 960.00 教学楼南
1 0 39 800.00 780.00 雁南S2
1 0 40 800.00 870.00 雁南S3
1 0 41 800.00 960.00 雁南S4
1 0 42 800.00 1090.00 雁南S5
1 0 43 800.00 1150.00 S6东北
1 0 44 800.00 1290.00 S6东南
1 0 45 550.00 1290.00 国脉西路南
2 0 46 990.00 550.00 运营商
1 0 47 1080.00 550.00 学活大门
1 0 48 1080.00 390.00 综合办公楼
2 0 49 670.00 525.00 地下超市
1 0 50 550.00 750.00 信息楼西
2 0 51 650.00 750.00 信息楼
1 0 52 580.00 985.00 S5西北
1 0 53 580.00 1100.00 S5西南
1 0 54 720.00 1150.00 S6中
1 0 55 690.00 470.00 雁北中草
1 0 56 1200.00 1090.00 景观湖南
2 0 57 1450.00 500.00 咖啡厅
1 0 58 1300.00 550.00 图书馆
1 0 59 1360.00 800.00 报告厅
1 0 60 320.00 650.00 小南门取外卖
1 1 61 115.00 165.00 北邮科技
1 1 62 870.00 165.00 右上角
1 1 63 115.00 1280.00 左下角
1 1 64 870.00 1280.00 出版社
1 1 65 115.00 800.00 西门
1 1 66 870.00 590.00 东门
1 1 67 870.00 260.00 东北门
1 1 68 400.00 165.00 北门
1 1 69 400.00 350.00 学活西南
1 1 70 400.00 590.00 教四东北
1 1 71 400.00 880.00 教三东北
1 1 72 400.00 1065.00 中门
1 1 73 175.00 290.00 北邮科技南
1 1 74 285.00 290.00 教九
1 1 75 175.00 350.00 学五西北
1 1 76 175.00 400.00 学五西南
1 1 77 175.00 455.00 学十三
1 1 78 175.00 590.00 学一西南
1 1 79 285.00 350.00 学八西北
1 1 80 285.00 400.00 学八西南
1 1 81 285.00 455.00 喷泉
1 1 82 285.00 590.00 学二西南
1 1 83 400.00 290.00 学活
2 1 84 400.00 400.00 大电视
1 1 85 400.00 455.00 小松林
1 1 86 400.00 520.00 图书馆西
1 1 87 285.00 235.00 学10、学11
2 1 88 285.00 320.00 综合食堂
1 1 89 230.00 400.00 学五
1 1 90 335.00 400.00 学八
1 1 91 230.00 455.00 学三
1 1 92 335.00 455.00 学四
1 1 93 640.00 350.00 科研大楼南
2 1 94 640.00 440.00 学生食堂
2 1 95 640.00 390.00 教工餐厅
2 1 96 535.00 350.00 澡堂、学院超市
2 1 97 590.00 350.00 水房图片社
1 1 98 640.00 550.00 篮球场
1 1 99 640.00 590.00 篮球场西南
1 1 100 640.00 235.00 学六
2 1 101 530.00 590.00 行政楼
1 1 102 530.00 520.00 图书馆
1 1 103 640.00 735.00 教一东南
1 1 104 640.00 815.00 科学会堂
1 1 105 780.00 590.00 体育馆北门
1 1 106 830.00 590.00 游泳馆
1 1 107 795.00 260.00 青年教师公寓
1 1 108 735.00 590.00 排球网球场
1 1 109 520.00 1280.00 南门
1 1 110 520.00 1215.00 南门拐弯1
1 1 111 400.00 1215.00 南门拐弯2
2 1 112 350.00 1065.00 校医院南区超市
2 1 113 235.00 1065.00 01时光咖啡
1 1 114 285.00 880.00 教三
2 1 115 175.00 650.00 邮局
1 1 116 400.00 735.00 教一西南
1 1 117 175.00 880.00 停车坪
1 1 118 285.00 800.00 校训石
1 1 119 350.00 800.00 主席像
1 1 120 175.00 800.00 西门内
2 1 121 175.00 735.00 移动营业厅
1 1 122 400.00 800.00 国旗
1 1 123 285.00 735.00 教四
1 1 124 175.00 1005.00 校车车库
2 1 125 400.00 1005.00 中门邮局
1 1 126 530.00 800.00 音乐喷泉、主楼
1 1 127 530.00 880.00 教二
1 1 128 640.00 880.00 创新中心西北
1 1 129 735.00 880.00 李白烈士像、体育场
2 1 130 735.00 735.00 全民健身
1 1 131 735.00 665.00 体育馆西门
1 1 132 735.00 1005.00 创新中心东南

1 0 6 7 0.0
1 0 7 8 0.0
1 0 6 9 0.1
1 0 9 10 0.4
1 0 10 15 0.1
1 0 15 16 0.5
1 0 16 33 0.9
1 0 33 34 0.2
1 0 8 25 0.6
1 0 25 34 0.5
1 0 15 60 0.3
1 0 60 17 0.5
1 0 17 22 0.8
1 0 22 30 0.05
1 0 30 23 0.05
1 0 23 24 0.7
1 0 24 25 0.3
1 0 24 32 0.2
1 0 24 36 0.3
1 0 36 37 0.8
1 0 37 5 0.4
1 0 23 27 0.6
1 0 27 26 0.2
1 0 23 38 0.6
1 0 38 56 0.4
1 0 38 37 0.3
1 0 38 41 0.3
1 0 26 29 0.8
1 0 29 20 0.3
1 0 20 21 0.2
1 0 21 22 0.05
1 0 22 39 0.7
1 0 39 40 0.5
1 0 40 41 0.0
1 0 41 42 0.2
1 0 42 43 0.8
1 0 43 44 0.8
1 0 17 50 0.4
1 0 50 45 0.1
1 0 29 28 0.7
1 0 28 31 0.9
1 0 31 46 0.9
1 0 46 30 0.1
1 0 21 28 0.9
1 0 28 48 0.6
1 0 48 27 0.3
1 0 17 12 0.3
1 0 12 18 0.7
1 0 18 11 0.5
1 0 11 13 0.1
1 0 13 19 0.0
1 0 19 20 0.5
1 0 18 21 0.8
1 0 27 35 0.2
1 0 35 32 0.0
0 0 18 14 0.7
0 0 17 14 0.4
0 0 14 49 0.4
0 0 49 55 0.4
0 0 55 21 0.5
0 0 46 47 0.9
0 0 47 23 0.9
0 0 23 58 0.2
0 0 24 57 0.3
0 0 35 57 0.0
0 0 49 22 0.7
0 0 50 51 0.8
0 0 52 40 0.1
0 0 52 42 0.6
0 0 53 54 0.4
0 0 54 43 0.0
0 0 45 54 0.6
0 0 52 41 0.2
0 0 23 59 0.8
0 0 38 59 0.6
1 1 61 68 0.0
1 1 62 68 0.0
1 1 67 62 0.0
1 1 67 107 0.0
1 1 67 66 0.0
1 1 66 64 0.0
1 1 64 109 0.0
1 1 109 63 0.0
1 1 63 65 0.0
1 1 65 61 0.0
1 1 109 110 0.0
1 1 110 111 0.0
1 1 111 72 0.0
1 1 72 112 0.0
1 1 112 113 0.0
1 1 72 125 0.0
1 1 125 124 0.0
1 1 125 132 0.0
1 1 124 117 0.0
1 1 117 120 0.0
1 1 120 121 0.0
1 1 121 115 0.0
1 1 115 78 0.0
1 1 78 77 0.0
1 1 77 76 0.0
1 1 76 75 0.0
1 1 75 73 0.0
1 1 132 129 0.0
1 1 129 130 0.0
1 1 130 131 0.0
1 1 131 108 0.0
1 1 125 71 0.0
1 1 71 122 0.0
1 1 122 116 0.0
1 1 116 70 0.0
1 1 70 86 0.0
1 1 86 85 0.0
1 1 85 84 0.0
1 1 84 69 0.0
1 1 69 83 0.0
1 1 83 68 0.0
1 1 117 114 0.0
1 1 114 71 0.0
1 1 71 127 0.0
1 1 127 128 0.0
1 1 128 129 0.0
1 1 121 123 0.0
1 1 123 116 0.0
1 1 116 103 0.0
1 1 103 130 0.0
1 1 128 104 0.0
1 1 104 103 0.0
1 1 103 99 0.0
1 1 99 98 0.0
1 1 98 94 0.0
1 1 94 95 0.0
1 1 95 93 0.0
1 1 93 100 0.0
1 1 78 82 0.0
1 1 82 70 0.0
1 1 70 101 0.0
1 1 101 99 0.0
1 1 99 108 0.0
1 1 108 105 0.0
1 1 105 106 0.0
1 1 106 66 0.0
1 1 93 97 0.0
1 1 97 96 0.0
1 1 96 69 0.0
1 1 82 81 0.0
1 1 80 79 0.0
1 1 79 88 0.0
1 1 88 74 0.0
1 1 74 87 0.0
1 1 73 74 0.0
1 1 74 83 0.0
1 1 75 79 0.0
1 1 79 69 0.0
1 1 76 89 0.0
1 1 89 80 0.0
1 1 80 90 0.0
1 1 90 84 0.0
1 1 77 91 0.0
1 1 91 81 0.0
1 1 81 92 0.0
1 1 92 85 0.0
1 1 65 120 0.0
0 1 120 118 0.0
0 1 118 119 0.0
0 1 119 122 0.0
0 1 123 118 0.0
0 1 118 114 0.0
0 1 126 122 0.0
0 1 101 102 0.0
0 1 102 86 0.0
0 1 102 85 0.0
0 1 85 96 0.0
0 1 84 96 0.0
0 1 82 115 0.0
0 1 81 80 0.0
1 0 42 56 0.6
1 0 56 5 0.2
1 0 56 33 0.2
0 0 53 42 0.4
0 0 59 24 0.8
0 0 59 37 0.5
0 0 59 36 0.4
0 0 58 35 0.3
0 0 58 57 0.3
0 0 39 30 0.8
0 0 57 32 0.1
0 0 14 55 0.6
0 1 126 116 0.0
0 1 126 71 0.0
0 1 96 102 0.0
0 1 125 128 0.0
0 1 114 124 0.0
0 1 114 125 0.0
0 1 85 94 0.0
0 1 123 115 0.0
0 1 123 70 0.0
0 1 131 105 0.0
0 1 108 98 0.0
0 1 61 73 0.0
0 1 89 92 0.0
0 1 90 91 0.0

5
0 0 0 41
0 1 0 23
0 2 0 38
0 3 0 21
0 4 0 58

